
===============================================================================
                   IPEV model with simulation, U_FUNCTION: 1                   
===============================================================================
 MAXLIK Version 5.0.2                                      3/25/2023  11:51 pm
===============================================================================

return code =    0
normal convergence

Mean log-likelihood        -3.68461
Number of cases     2000

Covariance matrix of the parameters computed by the following method:
Inverse of computed Hessian

Parameters    Estimates     Std. err.  Est./s.e.  Prob.    Gradient
------------------------------------------------------------------
PSI01           -0.2306        0.3551   -0.650   0.5160      0.0000
PSI02            0.1084        0.0151    7.180   0.0000      0.0000
PSI03           -0.1116        0.0148   -7.522   0.0000      0.0000
Alpha01         -1.2336        0.1290   -9.566   0.0000      0.0000
Alpha02         -0.3311        0.0462   -7.162   0.0000      0.0000
Alpha03         -0.2425        0.0462   -5.248   0.0000      0.0000
Alpha04         -0.2467        0.0464   -5.318   0.0000      0.0000
Alpha05         -0.2362        0.0461   -5.125   0.0000      0.0000
Alpha06         -0.2243        0.0474   -4.731   0.0000      0.0000
Sigma           -0.5381        0.0235  -22.872   0.0000      0.0000

Correlation matrix of the parameters
   1.000  -0.174  -0.082  -0.982  -0.056  -0.062  -0.061  -0.057  -0.060  -0.181
  -0.174   1.000  -0.032   0.042   0.055   0.064   0.069   0.054   0.049   0.128
  -0.082  -0.032   1.000  -0.029  -0.060  -0.059  -0.044  -0.053  -0.053  -0.119
  -0.982   0.042  -0.029   1.000   0.056   0.061   0.059   0.058   0.062   0.149
  -0.056   0.055  -0.060   0.056   1.000   0.219   0.213   0.216   0.215   0.404
  -0.062   0.064  -0.059   0.061   0.219   1.000   0.215   0.220   0.215   0.403
  -0.061   0.069  -0.044   0.059   0.213   0.215   1.000   0.212   0.211   0.384
  -0.057   0.054  -0.053   0.058   0.216   0.220   0.212   1.000   0.212   0.388
  -0.060   0.049  -0.053   0.062   0.215   0.215   0.211   0.212   1.000   0.388
  -0.181   0.128  -0.119   0.149   0.404   0.403   0.384   0.388   0.388   1.000

Number of iterations    29
Minutes to convergence     0.87541

beta

   -2.306277e-01 
    1.083989e-01 
   -1.115851e-01 
   -1.233594e+00 
   -3.311424e-01 
   -2.424834e-01 
   -2.467084e-01 
   -2.361749e-01 
   -2.242739e-01 
   -5.380750e-01 

cov

    1.260671e-01    -9.346665e-04    -4.305984e-04    -4.495390e-02    -9.180132e-04    -1.016594e-03    -1.007798e-03    -9.272028e-04    -1.017863e-03    -1.509915e-03 
   -9.346665e-04     2.279597e-04    -7.266378e-06     8.186802e-05     3.824956e-05     4.483553e-05     4.858242e-05     3.734954e-05     3.530867e-05     4.540093e-05 
   -4.305984e-04    -7.266378e-06     2.200454e-04    -5.623921e-05    -4.094632e-05    -4.065952e-05    -3.047822e-05    -3.605711e-05    -3.726048e-05    -4.138148e-05 
   -4.495390e-02     8.186802e-05    -5.623921e-05     1.662933e-02     3.354717e-04     3.654391e-04     3.538040e-04     3.428719e-04     3.780448e-04     4.528242e-04 
   -9.180132e-04     3.824956e-05    -4.094632e-05     3.354717e-04     2.137585e-03     4.689142e-04     4.570688e-04     4.608559e-04     4.717538e-04     4.399169e-04 
   -1.016594e-03     4.483553e-05    -4.065952e-05     3.654391e-04     4.689142e-04     2.134991e-03     4.609324e-04     4.683937e-04     4.710964e-04     4.378704e-04 
   -1.007798e-03     4.858242e-05    -3.047822e-05     3.538040e-04     4.570688e-04     4.609324e-04     2.152107e-03     4.533501e-04     4.640984e-04     4.194202e-04 
   -9.272028e-04     3.734954e-05    -3.605711e-05     3.428719e-04     4.608559e-04     4.683937e-04     4.533501e-04     2.123416e-03     4.633102e-04     4.205703e-04 
   -1.017863e-03     3.530867e-05    -3.726048e-05     3.780448e-04     4.717538e-04     4.710964e-04     4.640984e-04     4.633102e-04     2.247675e-03     4.329965e-04 
   -1.509915e-03     4.540093e-05    -4.138148e-05     4.528242e-04     4.399169e-04     4.378704e-04     4.194202e-04     4.205703e-04     4.329965e-04     5.534384e-04 


===============================================================================
          (Reparameterized) IPEV model with simulation, U_FUNCTION: 1          
===============================================================================
 MAXLIK Version 5.0.2                                      3/25/2023  11:51 pm
===============================================================================

return code =    2
maximum number of iterations exceeded

Mean log-likelihood        -3.68461
Number of cases     2000

Covariance matrix of the parameters computed by the following method:
Inverse of computed Hessian

Parameters    Estimates     Std. err.  Est./s.e.  Prob.    Gradient
------------------------------------------------------------------
PSI01           -0.2306        0.3548   -0.650   0.5156      0.0000
PSI02            0.1084        0.0151    7.179   0.0000      0.0000
PSI03           -0.1116        0.0148   -7.522   0.0000      0.0000
Alpha01          0.7088        0.0375   18.889   0.0000      0.0000
Alpha02          0.2819        0.0332    8.501   0.0000      0.0000
Alpha03          0.2153        0.0362    5.945   0.0000      0.0000
Alpha04          0.2186        0.0363    6.024   0.0000      0.0000
Alpha05          0.2104        0.0363    5.796   0.0000      0.0000
Alpha06          0.2009        0.0380    5.286   0.0000      0.0000
Sigma            0.5839        0.0137   42.515   0.0000      0.0000

Correlation matrix of the parameters
   1.000  -0.175  -0.082   0.982   0.056   0.061   0.061   0.056   0.060  -0.180
  -0.175   1.000  -0.032  -0.042  -0.055  -0.064  -0.070  -0.054  -0.049   0.128
  -0.082  -0.032   1.000   0.029   0.060   0.059   0.044   0.053   0.053  -0.119
   0.982  -0.042   0.029   1.000   0.056   0.060   0.059   0.057   0.061  -0.148
   0.056  -0.055   0.060   0.056   1.000   0.219   0.213   0.216   0.215  -0.404
   0.061  -0.064   0.059   0.060   0.219   1.000   0.215   0.219   0.215  -0.402
   0.061  -0.070   0.044   0.059   0.213   0.215   1.000   0.212   0.212  -0.385
   0.056  -0.054   0.053   0.057   0.216   0.219   0.212   1.000   0.212  -0.387
   0.060  -0.049   0.053   0.061   0.215   0.215   0.212   0.212   1.000  -0.389
  -0.180   0.128  -0.119  -0.148  -0.404  -0.402  -0.385  -0.387  -0.389   1.000

Number of iterations    0
Minutes to convergence     0.00000


     -0.23062775 
      0.10839890 
     -0.11158510 
      0.70875616 
      0.28189707 
      0.21532319 
      0.21863147 
      0.21035745 
      0.20090380 
      0.58387111 


        1.258479e-01        -9.352316e-04        -4.316854e-04         1.306848e-02         6.541528e-04         7.822546e-04         7.898709e-04         7.185621e-04         8.067035e-04        -8.763461e-04 
       -9.352316e-04         2.279618e-04        -7.266131e-06        -2.390485e-05        -2.742032e-05        -3.506466e-05        -3.810404e-05        -2.934832e-05        -2.829844e-05         2.649627e-05 
       -4.316854e-04        -7.266131e-06         2.200464e-04         1.626275e-05         2.934358e-05         3.187915e-05         2.387880e-05         2.838310e-05         2.995974e-05        -2.416056e-05 
        1.306848e-02        -2.390485e-05         1.626275e-05         1.407907e-03         6.961373e-05         8.188632e-05         8.074585e-05         7.740849e-05         8.730199e-05        -7.644161e-05 
        6.541528e-04        -2.742032e-05         2.934358e-05         6.961373e-05         1.099524e-03         2.631923e-04         2.564436e-04         2.596595e-04         2.715304e-04        -1.840210e-04 
        7.822546e-04        -3.506466e-05         3.187915e-05         8.188632e-05         2.631923e-04         1.311762e-03         2.826472e-04         2.884860e-04         2.963555e-04        -2.001611e-04 
        7.898709e-04        -3.810404e-05         2.387880e-05         8.074585e-05         2.564436e-04         2.826472e-04         1.317141e-03         2.790834e-04         2.918657e-04        -1.917106e-04 
        7.185621e-04        -2.934832e-05         2.838310e-05         7.740849e-05         2.596595e-04         2.884860e-04         2.790834e-04         1.317443e-03         2.926038e-04        -1.930139e-04 
        8.067035e-04        -2.829844e-05         2.995974e-05         8.730199e-05         2.715304e-04         2.963555e-04         2.918657e-04         2.926038e-04         1.444696e-03        -2.030043e-04 
       -8.763461e-04         2.649627e-05        -2.416056e-05        -7.644161e-05        -1.840210e-04        -2.001611e-04        -1.917106e-04        -1.930139e-04        -2.030043e-04         1.886009e-04 

===============================================================================
                   IPEV model with simulation, U_FUNCTION: 2                   
===============================================================================
 MAXLIK Version 5.0.2                                      3/25/2023  11:52 pm
===============================================================================

return code =    0
normal convergence

Mean log-likelihood        -3.61432
Number of cases     2000

Covariance matrix of the parameters computed by the following method:
Inverse of computed Hessian

Parameters    Estimates     Std. err.  Est./s.e.  Prob.    Gradient
------------------------------------------------------------------
PSI01           -0.0594        0.3442   -0.173   0.8630      0.0000
PSI02            0.0987        0.0138    7.149   0.0000      0.0000
PSI03           -0.1031        0.0135   -7.612   0.0000      0.0000
Alpha01         -1.3297        0.1377   -9.657   0.0000      0.0000
Gamma01          1.0857        0.0730   14.879   0.0000      0.0000
Gamma02          0.9069        0.0753   12.048   0.0000      0.0000
Gamma03          0.9258        0.0770   12.016   0.0000      0.0000
Gamma04          0.9024        0.0765   11.797   0.0000      0.0000
Gamma05          0.8808        0.0793   11.105   0.0000      0.0000
Sigma           -0.6368        0.0202  -31.589   0.0000      0.0000

Correlation matrix of the parameters
   1.000  -0.172  -0.095  -0.984   0.030   0.035   0.035   0.029   0.036  -0.161
  -0.172   1.000  -0.027   0.048  -0.034  -0.045  -0.052  -0.033  -0.029   0.106
  -0.095  -0.027   1.000  -0.012   0.039   0.040   0.023   0.033   0.034  -0.093
  -0.984   0.048  -0.012   1.000  -0.035  -0.040  -0.039  -0.035  -0.043   0.134
   0.030  -0.034   0.039  -0.035   1.000   0.148   0.144   0.147   0.148  -0.290
   0.035  -0.045   0.040  -0.040   0.148   1.000   0.151   0.157   0.152  -0.294
   0.035  -0.052   0.023  -0.039   0.144   0.151   1.000   0.151   0.151  -0.274
   0.029  -0.033   0.033  -0.035   0.147   0.157   0.151   1.000   0.152  -0.278
   0.036  -0.029   0.034  -0.043   0.148   0.152   0.151   0.152   1.000  -0.283
  -0.161   0.106  -0.093   0.134  -0.290  -0.294  -0.274  -0.278  -0.283   1.000

Number of iterations    26
Minutes to convergence     0.81149

beta

   -5.941291e-02 
    9.871461e-02 
   -1.031322e-01 
   -1.329652e+00 
    1.085750e+00 
    9.068642e-01 
    9.257727e-01 
    9.024237e-01 
    8.807573e-01 
   -6.367786e-01 

cov

    1.184891e-01    -8.178436e-04    -4.415811e-04    -4.662972e-02     7.534373e-04     9.171984e-04     9.410617e-04     7.521229e-04     9.746007e-04    -1.113798e-03 
   -8.178436e-04     1.906654e-04    -5.080647e-06     9.105926e-05    -3.424311e-05    -4.659055e-05    -5.572491e-05    -3.495962e-05    -3.190889e-05     2.945410e-05 
   -4.415811e-04    -5.080647e-06     1.835828e-04    -2.154005e-05     3.862551e-05     4.108579e-05     2.428941e-05     3.464432e-05     3.692086e-05    -2.532515e-05 
   -4.662972e-02     9.105926e-05    -2.154005e-05     1.895768e-02    -3.556101e-04    -4.166701e-04    -4.097914e-04    -3.715963e-04    -4.656841e-04     3.728150e-04 
    7.534373e-04    -3.424311e-05     3.862551e-05    -3.556101e-04     5.324605e-03     8.121245e-04     8.084586e-04     8.220848e-04     8.546488e-04    -4.268069e-04 
    9.171984e-04    -4.659055e-05     4.108579e-05    -4.166701e-04     8.121245e-04     5.665304e-03     8.745961e-04     9.042858e-04     9.074962e-04    -4.464304e-04 
    9.410617e-04    -5.572491e-05     2.428941e-05    -4.097914e-04     8.084586e-04     8.745961e-04     5.936085e-03     8.880036e-04     9.214479e-04    -4.255615e-04 
    7.521229e-04    -3.495962e-05     3.464432e-05    -3.715963e-04     8.220848e-04     9.042858e-04     8.880036e-04     5.851919e-03     9.196861e-04    -4.280714e-04 
    9.746007e-04    -3.190889e-05     3.692086e-05    -4.656841e-04     8.546488e-04     9.074962e-04     9.214479e-04     9.196861e-04     6.290687e-03    -4.529059e-04 
   -1.113798e-03     2.945410e-05    -2.532515e-05     3.728150e-04    -4.268069e-04    -4.464304e-04    -4.255615e-04    -4.280714e-04    -4.529059e-04     4.063425e-04 


===============================================================================
          (Reparameterized) IPEV model with simulation, U_FUNCTION: 2          
===============================================================================
 MAXLIK Version 5.0.2                                      3/25/2023  11:52 pm
===============================================================================

return code =    2
maximum number of iterations exceeded

Mean log-likelihood        -3.61432
Number of cases     2000

Covariance matrix of the parameters computed by the following method:
Inverse of computed Hessian

Parameters    Estimates     Std. err.  Est./s.e.  Prob.    Gradient
------------------------------------------------------------------
PSI01           -0.0594        0.3379   -0.176   0.8604      0.0000
PSI02            0.0987        0.0138    7.149   0.0000      0.0000
PSI03           -0.1031        0.0135   -7.612   0.0000      0.0000
Alpha01          0.7354        0.0357   20.577   0.0000      0.0000
Gamma01          2.9617        0.2160   13.710   0.0000      0.0000
Gamma02          2.4765        0.1864   13.286   0.0000      0.0000
Gamma03          2.5238        0.1944   12.980   0.0000      0.0000
Gamma04          2.4656        0.1886   13.075   0.0000      0.0000
Gamma05          2.4127        0.1914   12.607   0.0000      0.0000
Sigma            0.5290        0.0107   49.626   0.0000      0.0000

Correlation matrix of the parameters
   1.000  -0.173  -0.096   0.983   0.028   0.035   0.036   0.030   0.036  -0.159
  -0.173   1.000  -0.027  -0.046  -0.034  -0.045  -0.052  -0.033  -0.029   0.106
  -0.096  -0.027   1.000   0.012   0.039   0.040   0.023   0.033   0.034  -0.093
   0.983  -0.046   0.012   1.000   0.034   0.040   0.039   0.036   0.043  -0.132
   0.028  -0.034   0.039   0.034   1.000   0.148   0.144   0.147   0.148  -0.290
   0.035  -0.045   0.040   0.040   0.148   1.000   0.151   0.157   0.152  -0.294
   0.036  -0.052   0.023   0.039   0.144   0.151   1.000   0.151   0.151  -0.274
   0.030  -0.033   0.033   0.036   0.147   0.157   0.151   1.000   0.152  -0.278
   0.036  -0.029   0.034   0.043   0.148   0.152   0.151   0.152   1.000  -0.283
  -0.159   0.106  -0.093  -0.132  -0.290  -0.294  -0.274  -0.278  -0.283   1.000

Number of iterations    0
Minutes to convergence     0.00000


    -0.059412908 
     0.098714610 
     -0.10313219 
      0.73543062 
       2.9616602 
       2.4765444 
       2.5238178 
       2.4655717 
       2.4127261 
      0.52899380 


        1.141554e-01        -8.064384e-04        -4.416363e-04         1.187290e-02         2.054326e-03         2.231809e-03         2.337062e-03         1.887394e-03         2.304826e-03        -5.709204e-04 
       -8.064384e-04         1.906403e-04        -5.078307e-06        -2.286949e-05        -1.005663e-04        -1.154983e-04        -1.407843e-04        -8.687237e-05        -7.717205e-05         1.553879e-05 
       -4.416363e-04        -5.078307e-06         1.835813e-04         5.692847e-06         1.146743e-04         1.014873e-04         6.107057e-05         8.498190e-05         8.895684e-05        -1.338692e-05 
        1.187290e-02        -2.286949e-05         5.692847e-06         1.277320e-03         2.598940e-04         2.685764e-04         2.693717e-04         2.455219e-04         2.921097e-04        -5.021527e-05 
        2.054326e-03        -1.005663e-04         1.146743e-04         2.598940e-04         4.666607e-02         5.949239e-03         6.035363e-03         5.995174e-03         6.101361e-03        -6.674073e-04 
        2.231809e-03        -1.154983e-04         1.014873e-04         2.685764e-04         5.949239e-03         3.474470e-02         5.464934e-03         5.519413e-03         5.422851e-03        -5.846354e-04 
        2.337062e-03        -1.407843e-04         6.107057e-05         2.693717e-04         6.035363e-03         5.464934e-03         3.780582e-02         5.523584e-03         5.611508e-03        -5.679157e-04 
        1.887394e-03        -8.687237e-05         8.498190e-05         2.455219e-04         5.995174e-03         5.519413e-03         5.523584e-03         3.555741e-02         5.470527e-03        -5.582483e-04 
        2.304826e-03        -7.717205e-05         8.895684e-05         2.921097e-04         6.101361e-03         5.422851e-03         5.611508e-03         5.470527e-03         3.662890e-02        -5.779771e-04 
       -5.709204e-04         1.553879e-05        -1.338692e-05        -5.021527e-05        -6.674073e-04        -5.846354e-04        -5.679157e-04        -5.582483e-04        -5.779771e-04         1.136287e-04 

===============================================================================
                   IPEV model with simulation, U_FUNCTION: 3                   
===============================================================================
 MAXLIK Version 5.0.2                                      3/25/2023  11:58 pm
===============================================================================

return code =    2
maximum number of iterations exceeded

Mean log-likelihood        -3.70605
Number of cases     2000

Covariance matrix of the parameters computed by the following method:
Inverse of computed Hessian

Parameters    Estimates     Std. err.  Est./s.e.  Prob.    Gradient
------------------------------------------------------------------
PSI01           -4.4518        0.2708  -16.440   0.0000      0.0050
PSI02            0.1022        0.0150    6.813   0.0000     -0.0026
PSI03           -0.1079        0.0148   -7.305   0.0000      0.0226
Alpha01         -0.2982        0.0369   -8.073   0.0000      0.0111
Gamma01          0.4900        0.0996    4.920   0.0000     -0.0053
Gamma02          0.2967        0.1037    2.861   0.0042     -0.0032
Gamma03          0.2973        0.1077    2.762   0.0058     -0.0035
Gamma04          0.2341        0.1097    2.134   0.0329     -0.0064
Gamma05          0.2370        0.1127    2.103   0.0354     -0.0034
Sigma           -0.5809        0.0219  -26.488   0.0000     -0.0333

Correlation matrix of the parameters
   1.000  -0.243  -0.078  -0.969  -0.497  -0.504  -0.509  -0.524  -0.507  -0.469
  -0.243   1.000  -0.034   0.075   0.016   0.007   0.002   0.017   0.018   0.102
  -0.078  -0.034   1.000  -0.072  -0.005  -0.007  -0.020  -0.013  -0.011  -0.102
  -0.969   0.075  -0.072   1.000   0.501   0.509   0.516   0.527   0.509   0.456
  -0.497   0.016  -0.005   0.501   1.000   0.390   0.392   0.403   0.394   0.001
  -0.504   0.007  -0.007   0.509   0.390   1.000   0.401   0.414   0.402   0.007
  -0.509   0.002  -0.020   0.516   0.392   0.401   1.000   0.414   0.406   0.023
  -0.524   0.017  -0.013   0.527   0.403   0.414   0.414   1.000   0.415   0.019
  -0.507   0.018  -0.011   0.509   0.394   0.402   0.406   0.415   1.000   0.009
  -0.469   0.102  -0.102   0.456   0.001   0.007   0.023   0.019   0.009   1.000

Number of iterations    200
Minutes to convergence     6.15244

beta

   -4.451810e+00 
    1.022143e-01 
   -1.079194e-01 
   -2.982484e-01 
    4.899735e-01 
    2.966620e-01 
    2.973444e-01 
    2.341427e-01 
    2.369780e-01 
   -5.809432e-01 

cov

    7.332549e-02    -9.857298e-04    -3.104754e-04    -9.695314e-03    -1.341720e-02    -1.416277e-02    -1.484647e-02    -1.556046e-02    -1.546115e-02    -2.784343e-03 
   -9.857298e-04     2.251040e-04    -7.559949e-06     4.172850e-05     2.339210e-05     1.044874e-05     2.875201e-06     2.839508e-05     3.076250e-05     3.343491e-05 
   -3.104754e-04    -7.559949e-06     2.182480e-04    -3.914749e-05    -7.825775e-06    -1.115815e-05    -3.108128e-05    -2.142496e-05    -1.885423e-05    -3.307012e-05 
   -9.695314e-03     4.172850e-05    -3.914749e-05     1.365001e-03     1.843591e-03     1.950401e-03     2.050639e-03     2.135023e-03     2.117776e-03     3.693497e-04 
   -1.341720e-02     2.339210e-05    -7.825775e-06     1.843591e-03     9.919346e-03     4.029030e-03     4.205084e-03     4.401505e-03     4.422203e-03     3.029752e-06 
   -1.416277e-02     1.044874e-05    -1.115815e-05     1.950401e-03     4.029030e-03     1.075404e-02     4.479784e-03     4.711714e-03     4.692477e-03     1.513036e-05 
   -1.484647e-02     2.875201e-06    -3.108128e-05     2.050639e-03     4.205084e-03     4.479784e-03     1.159260e-02     4.895516e-03     4.928223e-03     5.353797e-05 
   -1.556046e-02     2.839508e-05    -2.142496e-05     2.135023e-03     4.401505e-03     4.711714e-03     4.895516e-03     1.204350e-02     5.125436e-03     4.555115e-05 
   -1.546115e-02     3.076250e-05    -1.885423e-05     2.117776e-03     4.422203e-03     4.692477e-03     4.928223e-03     5.125436e-03     1.269464e-02     2.213262e-05 
   -2.784343e-03     3.343491e-05    -3.307012e-05     3.693497e-04     3.029752e-06     1.513036e-05     5.353797e-05     4.555115e-05     2.213262e-05     4.810097e-04 


===============================================================================
          (Reparameterized) IPEV model with simulation, U_FUNCTION: 3          
===============================================================================
 MAXLIK Version 5.0.2                                      3/25/2023  11:58 pm
===============================================================================

return code =    2
maximum number of iterations exceeded

Mean log-likelihood        -3.70605
Number of cases     2000

Covariance matrix of the parameters computed by the following method:
Inverse of computed Hessian

Parameters    Estimates     Std. err.  Est./s.e.  Prob.    Gradient
------------------------------------------------------------------
PSI01           -4.4518        0.2641  -16.859   0.0000      0.0050
PSI02            0.1022        0.0150    6.812   0.0000     -0.0026
PSI03           -0.1079        0.0148   -7.305   0.0000      0.0226
Alpha01          0.2579        0.0268    9.624   0.0000     -0.0150
Gamma01          1.6323        0.1516   10.768   0.0000     -0.0033
Gamma02          1.3454        0.1317   10.215   0.0000     -0.0024
Gamma03          1.3463        0.1365    9.861   0.0000     -0.0026
Gamma04          1.2638        0.1254   10.077   0.0000     -0.0051
Gamma05          1.2674        0.1309    9.682   0.0000     -0.0027
Sigma            0.5594        0.0122   45.838   0.0000     -0.0595

Correlation matrix of the parameters
   1.000  -0.250  -0.078   0.968  -0.459  -0.465  -0.472  -0.476  -0.462  -0.506
  -0.250   1.000  -0.034  -0.079   0.016   0.007   0.002   0.018   0.019   0.102
  -0.078  -0.034   1.000   0.075  -0.006  -0.008  -0.020  -0.014  -0.012  -0.102
   0.968  -0.079   0.075   1.000  -0.462  -0.469  -0.478  -0.479  -0.463  -0.493
  -0.459   0.016  -0.006  -0.462   1.000   0.343   0.346   0.349   0.343   0.020
  -0.465   0.007  -0.008  -0.469   0.343   1.000   0.356   0.361   0.351   0.023
  -0.472   0.002  -0.020  -0.478   0.346   0.356   1.000   0.362   0.356   0.041
  -0.476   0.018  -0.014  -0.479   0.349   0.361   0.362   1.000   0.357   0.036
  -0.462   0.019  -0.012  -0.463   0.343   0.351   0.356   0.357   1.000   0.025
  -0.506   0.102  -0.102  -0.493   0.020   0.023   0.041   0.036   0.025   1.000

Number of iterations    0
Minutes to convergence     0.00000


      -4.4518096 
      0.10221430 
     -0.10791942 
      0.25788305 
       1.6322730 
       1.3453605 
       1.3462789 
       1.2638249 
       1.2674133 
      0.55937054 


        6.972963e-02        -9.915272e-04        -3.044623e-04         6.846334e-03        -1.835952e-02        -1.616374e-02        -1.702531e-02        -1.577181e-02        -1.595732e-02        -1.630492e-03 
       -9.915272e-04         2.251210e-04        -7.579929e-06        -3.165487e-05         3.727185e-05         1.376523e-05         4.823396e-06         3.302764e-05         3.637275e-05         1.870282e-05 
       -3.044623e-04        -7.579929e-06         2.182607e-04         2.975372e-05        -1.360589e-05        -1.492988e-05        -4.108465e-05        -2.538999e-05        -2.266195e-05        -1.847050e-05 
        6.846334e-03        -3.165487e-05         2.975372e-05         7.180681e-04        -1.876760e-03        -1.656073e-03        -1.750512e-03        -1.609415e-03        -1.625157e-03        -1.613223e-04 
       -1.835952e-02         3.727185e-05        -1.360589e-05        -1.876760e-03         2.297897e-02         6.850575e-03         7.159294e-03         6.636165e-03         6.798699e-03         3.614315e-05 
       -1.616374e-02         1.376523e-05        -1.492988e-05        -1.656073e-03         6.850575e-03         1.734617e-02         6.394315e-03         5.961065e-03         6.045120e-03         3.646890e-05 
       -1.702531e-02         4.823396e-06        -4.108465e-05        -1.750512e-03         7.159294e-03         6.394315e-03         1.864108e-02         6.196136e-03         6.363000e-03         6.815319e-05 
       -1.577181e-02         3.302764e-05        -2.538999e-05        -1.609415e-03         6.636165e-03         5.961065e-03         6.196136e-03         1.573071e-02         5.854288e-03         5.457008e-05 
       -1.595732e-02         3.637275e-05        -2.266195e-05        -1.625157e-03         6.798699e-03         6.045120e-03         6.363000e-03         5.854288e-03         1.713468e-02         4.062045e-05 
       -1.630492e-03         1.870282e-05        -1.847050e-05        -1.613223e-04         3.614315e-05         3.646890e-05         6.815319e-05         5.457008e-05         4.062045e-05         1.489183e-04 

===============================================================================
                   IPEV model with simulation, U_FUNCTION: 4                   
===============================================================================
 MAXLIK Version 5.0.2                                      3/25/2023  11:59 pm
===============================================================================

return code =    0
normal convergence

Mean log-likelihood        -3.68572
Number of cases     2000

Covariance matrix of the parameters computed by the following method:
Inverse of computed Hessian

Parameters    Estimates     Std. err.  Est./s.e.  Prob.    Gradient
------------------------------------------------------------------
PSI01           -0.2288        0.3519   -0.650   0.5155      0.0000
PSI02            0.1083        0.0151    7.176   0.0000      0.0000
PSI03           -0.1118        0.0148   -7.531   0.0000      0.0000
Alpha01         -1.2345        0.1279   -9.649   0.0000      0.0000
Alpha02         -0.2576        0.0283   -9.114   0.0000      0.0000
Sigma           -0.5372        0.0235  -22.863   0.0000      0.0000

Correlation matrix of the parameters
   1.000  -0.172  -0.083  -0.981  -0.096  -0.179
  -0.172   1.000  -0.033   0.039   0.095   0.127
  -0.083  -0.033   1.000  -0.029  -0.088  -0.118
  -0.981   0.039  -0.029   1.000   0.096   0.148
  -0.096   0.095  -0.088   0.096   1.000   0.645
  -0.179   0.127  -0.118   0.148   0.645   1.000

Number of iterations    29
Minutes to convergence     0.58213

beta

   -2.288041e-01 
    1.083483e-01 
   -1.117858e-01 
   -1.234541e+00 
   -2.576171e-01 
   -5.372432e-01 

cov

    1.238241e-01    -9.150454e-04    -4.327947e-04    -4.418727e-02    -9.590104e-04    -1.484029e-03 
   -9.150454e-04     2.279771e-04    -7.320007e-06     7.468480e-05     4.051143e-05     4.516218e-05 
   -4.327947e-04    -7.320007e-06     2.203427e-04    -5.571757e-05    -3.711316e-05    -4.129999e-05 
   -4.418727e-02     7.468480e-05    -5.571757e-05     1.636951e-02     3.487183e-04     4.436365e-04 
   -9.590104e-04     4.051143e-05    -3.711316e-05     3.487183e-04     7.990431e-04     4.281446e-04 
   -1.484029e-03     4.516218e-05    -4.129999e-05     4.436365e-04     4.281446e-04     5.521602e-04 


===============================================================================
          (Reparameterized) IPEV model with simulation, U_FUNCTION: 4          
===============================================================================
 MAXLIK Version 5.0.2                                      3/25/2023  11:59 pm
===============================================================================

return code =    2
maximum number of iterations exceeded

Mean log-likelihood        -3.68572
Number of cases     2000

Covariance matrix of the parameters computed by the following method:
Inverse of computed Hessian

Parameters    Estimates     Std. err.  Est./s.e.  Prob.    Gradient
------------------------------------------------------------------
PSI01           -0.2288        0.3515   -0.651   0.5151      0.0000
PSI02            0.1083        0.0151    7.176   0.0000      0.0000
PSI03           -0.1118        0.0148   -7.531   0.0000      0.0000
Alpha01          0.7090        0.0372   19.064   0.0000      0.0000
Alpha02          0.2271        0.0219   10.359   0.0000      0.0000
Sigma            0.5844        0.0137   42.502   0.0000     -0.0001

Correlation matrix of the parameters
   1.000  -0.172  -0.083   0.981   0.096  -0.179
  -0.172   1.000  -0.033  -0.038  -0.095   0.127
  -0.083  -0.033   1.000   0.029   0.089  -0.119
   0.981  -0.038   0.029   1.000   0.096  -0.147
   0.096  -0.095   0.089   0.096   1.000  -0.646
  -0.179   0.127  -0.119  -0.147  -0.646   1.000

Number of iterations    0
Minutes to convergence     0.00000


     -0.22880413 
      0.10834832 
     -0.11178581 
      0.70903183 
      0.22710885 
      0.58435699 


        1.235864e-01        -9.130832e-04        -4.337473e-04         1.283205e-02         7.375690e-04        -8.632806e-04 
       -9.130832e-04         2.279793e-04        -7.327513e-06        -2.152232e-05        -3.147629e-05         2.644107e-05 
       -4.337473e-04        -7.327513e-06         2.203542e-04         1.611051e-05         2.888517e-05        -2.421067e-05 
        1.283205e-02        -2.152232e-05         1.611051e-05         1.383247e-03         7.804208e-05        -7.501871e-05 
        7.375690e-04        -3.147629e-05         2.888517e-05         7.804208e-05         4.806455e-04        -1.946645e-04 
       -8.632806e-04         2.644107e-05        -2.421067e-05        -7.501871e-05        -1.946645e-04         1.890369e-04 

===============================================================================
                   IPEV model with simulation, U_FUNCTION: 5                   
===============================================================================
 MAXLIK Version 5.0.2                                      3/25/2023  11:59 pm
===============================================================================

return code =    0
normal convergence

Mean log-likelihood        -3.61579
Number of cases     2000

Covariance matrix of the parameters computed by the following method:
Inverse of computed Hessian

Parameters    Estimates     Std. err.  Est./s.e.  Prob.    Gradient
------------------------------------------------------------------
PSI01           -0.0575        0.4300   -0.134   0.8936      0.0000
PSI02            0.0986        0.0139    7.075   0.0000      0.0000
PSI03           -0.1033        0.0136   -7.601   0.0000      0.0000
Alpha01         -1.3309        0.1712   -7.774   0.0000      0.0000
Gamma01          0.9454        0.0430   21.972   0.0000      0.0000
Sigma           -0.6363        0.0203  -31.364   0.0000      0.0000

Correlation matrix of the parameters
   1.000  -0.216  -0.115  -0.990   0.070  -0.196
  -0.216   1.000  -0.018   0.117  -0.072   0.119
  -0.115  -0.018   1.000   0.030   0.058  -0.084
  -0.990   0.117   0.030   1.000  -0.077   0.175
   0.070  -0.072   0.058  -0.077   1.000  -0.502
  -0.196   0.119  -0.084   0.175  -0.502   1.000

Number of iterations    24
Minutes to convergence     0.47263

beta

   -5.749757e-02 
    9.861288e-02 
   -1.032755e-01 
   -1.330859e+00 
    9.454170e-01 
   -6.362824e-01 

cov

    1.848765e-01    -1.293955e-03    -6.739331e-04    -7.284231e-02     1.286646e-03    -1.713212e-03 
   -1.293955e-03     1.942756e-04    -3.449833e-06     2.784572e-04    -4.320958e-05     3.378806e-05 
   -6.739331e-04    -3.449833e-06     1.845974e-04     6.977505e-05     3.405871e-05    -2.323636e-05 
   -7.284231e-02     2.784572e-04     6.977505e-05     2.930963e-02    -5.690880e-04     6.091612e-04 
    1.286646e-03    -4.320958e-05     3.405871e-05    -5.690880e-04     1.851436e-03    -4.386461e-04 
   -1.713212e-03     3.378806e-05    -2.323636e-05     6.091612e-04    -4.386461e-04     4.115761e-04 


===============================================================================
          (Reparameterized) IPEV model with simulation, U_FUNCTION: 5          
===============================================================================
 MAXLIK Version 5.0.2                                      3/25/2023  11:59 pm
===============================================================================

return code =    2
maximum number of iterations exceeded

Mean log-likelihood        -3.61579
Number of cases     2000

Covariance matrix of the parameters computed by the following method:
Inverse of computed Hessian

Parameters    Estimates     Std. err.  Est./s.e.  Prob.    Gradient
------------------------------------------------------------------
PSI01           -0.0575        0.4144   -0.139   0.8896      0.0000
PSI02            0.0986        0.0139    7.078   0.0000      0.0000
PSI03           -0.1033        0.0136   -7.602   0.0000      0.0000
Alpha01          0.7357        0.0436   16.889   0.0000     -0.0001
Gamma01          2.5739        0.1108   23.223   0.0000      0.0000
Sigma            0.5293        0.0107   49.314   0.0000      0.0000

Correlation matrix of the parameters
   1.000  -0.216  -0.117   0.989   0.070  -0.193
  -0.216   1.000  -0.018  -0.113  -0.072   0.119
  -0.117  -0.018   1.000  -0.029   0.058  -0.084
   0.989  -0.113  -0.029   1.000   0.078  -0.171
   0.070  -0.072   0.058   0.078   1.000  -0.503
  -0.193   0.119  -0.084  -0.171  -0.503   1.000

Number of iterations    0
Minutes to convergence     0.00000


    -0.057497566 
     0.098612876 
     -0.10327551 
      0.73574984 
       2.5738865 
      0.52925636 


        1.717249e-01        -1.245740e-03        -6.611100e-04         1.784951e-02         3.200810e-03        -8.591135e-04 
       -1.245740e-03         1.941144e-04        -3.499619e-06        -6.844806e-05        -1.115992e-04         1.776500e-05 
       -6.611100e-04        -3.499619e-06         1.845772e-04        -1.707686e-05         8.749658e-05        -1.231985e-05 
        1.784951e-02        -6.844806e-05        -1.707686e-05         1.897804e-03         3.749223e-04        -8.010107e-05 
        3.200810e-03        -1.115992e-04         8.749658e-05         3.749223e-04         1.228369e-02        -5.982030e-04 
       -8.591135e-04         1.776500e-05        -1.231985e-05        -8.010107e-05        -5.982030e-04         1.151827e-04 

===============================================================================
                   IPEV model with simulation, U_FUNCTION: 6                   
===============================================================================
 MAXLIK Version 5.0.2                                      3/26/2023  12:04 am
===============================================================================

return code =    2
maximum number of iterations exceeded

Mean log-likelihood        -3.70276
Number of cases     2000

Covariance matrix of the parameters computed by the following method:
Cross-product of first derivatives

Parameters    Estimates     Std. err.  Est./s.e.  Prob.    Gradient
------------------------------------------------------------------
PSI01           -5.1832        0.4172  -12.423   0.0000     -0.0001
PSI02            0.1098        0.0184    5.970   0.0000     -0.0120
PSI03           -0.1121        0.0182   -6.173   0.0000      0.0092
Alpha01         -0.2043        0.0536   -3.811   0.0001     -0.0067
Gamma01          0.4299        0.1057    4.069   0.0000     -0.0201
Sigma           -0.5290        0.0220  -23.990   0.0000     -0.0036

Correlation matrix of the parameters
   1.000  -0.286   0.034  -0.980  -0.776  -0.427
  -0.286   1.000  -0.020   0.149   0.160   0.110
   0.034  -0.020   1.000  -0.158  -0.124  -0.128
  -0.980   0.149  -0.158   1.000   0.780   0.418
  -0.776   0.160  -0.124   0.780   1.000   0.082
  -0.427   0.110  -0.128   0.418   0.082   1.000

Number of iterations    200
Minutes to convergence     4.08579

beta

   -5.183176e+00 
    1.097856e-01 
   -1.120807e-01 
   -2.042712e-01 
    4.299487e-01 
   -5.289693e-01 

cov

    1.740894e-01    -2.190808e-03     2.608752e-04    -2.192994e-02    -3.419222e-02    -3.926706e-03 
   -2.190808e-03     3.381227e-04    -6.609181e-06     1.473410e-04     3.109870e-04     4.471688e-05 
    2.608752e-04    -6.609181e-06     3.296379e-04    -1.535521e-04    -2.383255e-04    -5.106582e-05 
   -2.192994e-02     1.473410e-04    -1.535521e-04     2.873689e-03     4.419045e-03     4.943829e-04 
   -3.419222e-02     3.109870e-04    -2.383255e-04     4.419045e-03     1.116649e-02     1.906126e-04 
   -3.926706e-03     4.471688e-05    -5.106582e-05     4.943829e-04     1.906126e-04     4.861997e-04 


===============================================================================
          (Reparameterized) IPEV model with simulation, U_FUNCTION: 6          
===============================================================================
 MAXLIK Version 5.0.2                                      3/26/2023  12:04 am
===============================================================================

return code =    2
maximum number of iterations exceeded

Mean log-likelihood        -3.70276
Number of cases     2000

Covariance matrix of the parameters computed by the following method:
Inverse of computed Hessian

Parameters    Estimates     Std. err.  Est./s.e.  Prob.    Gradient
------------------------------------------------------------------
PSI01           -5.1832        0.3962  -13.083   0.0000     -0.0001
PSI02            0.1098        0.0159    6.908   0.0000     -0.0120
PSI03           -0.1121        0.0156   -7.177   0.0000      0.0092
Alpha01          0.1848        0.0407    4.538   0.0000      0.0082
Gamma01          1.5372        0.1190   12.917   0.0000     -0.0131
Sigma            0.5892        0.0154   38.209   0.0000     -0.0061

Correlation matrix of the parameters
   1.000  -0.250   0.009   0.984  -0.765  -0.661
  -0.250   1.000  -0.044  -0.130   0.066   0.147
   0.009  -0.044   1.000   0.116  -0.057  -0.135
   0.984  -0.130   0.116   1.000  -0.770  -0.651
  -0.765   0.066  -0.057  -0.770   1.000   0.267
  -0.661   0.147  -0.135  -0.651   0.267   1.000

Number of iterations    0
Minutes to convergence     0.00000


      -5.1831758 
      0.10978560 
     -0.11208066 
      0.18475877 
